[array([0.759779, 0.804108]), array([0.717915, 0.002064]), array([0.994942, 0.051967, 0.792526]), array([0.404477, 0.413254, 0.303108, 0.434359]), array([0.940282, 0.064909, 0.998637, 0.996528]), array([0.379776, 0.684419, 0.068171, 0.984146, 0.290503]), array([0.015298, 0.590564, 0.658382, 0.751493, 0.425786, 0.776978]), array([0.034492, 0.437681, 0.011459, 0.323393, 0.989664, 0.04578 ,
       0.097175, 0.702465])]
[array([0.803235, 0.719438]), array([0.957387, 0.923033]), array([0.009308, 0.062825, 0.001028]), array([0.398003, 0.395708, 0.361254, 0.442257]), array([0.99741 , 0.041752, 0.791796, 0.974979]), array([0.493449, 0.127064, 0.631478, 0.904964, 0.008065]), array([0.015116, 0.182436, 0.288522, 0.173288, 0.397265, 0.665194]), array([3.58728e-01, 4.28070e-02, 3.55074e-01, 1.93410e-02, 8.09116e-01,
       5.43500e-02, 5.33630e-02, 7.27000e-04])]
[array([0.81, 0.73]), array([0.62, 0.82]), array([0.7 , 0.85, 0.2 ]), array([0.41, 0.4 , 0.37, 0.45]), array([0.95, 0.08, 0.82, 0.95]), array([0.52, 0.15, 0.6 , 0.88, 0.05]), array([0.03, 0.2 , 0.3 , 0.2 , 0.42, 0.7 ]), array([0.4 , 0.08, 0.38, 0.05, 0.78, 0.08, 0.09, 0.05])]
[array([0.65, 0.65]), array([0.6, 0.6]), array([0.4, 0.4, 0.4]), array([0.405, 0.395, 0.365, 0.445]), array([0.93, 0.07, 0.98, 0.98]), array([0.55, 0.2 , 0.65, 0.9 , 0.05]), array([0.02, 0.22, 0.32, 0.22, 0.44, 0.72]), array([0.38, 0.07, 0.36, 0.04, 0.8 , 0.07, 0.08, 0.06])]
[array([0.67, 0.63]), array([0.55, 0.65]), array([0.3, 0.5, 0.4]), array([0.415, 0.385, 0.355, 0.455]), array([0.92, 0.09, 0.96, 0.97]), array([0.58, 0.23, 0.68, 0.88, 0.07]), array([0.03, 0.24, 0.34, 0.24, 0.46, 0.74]), array([0.39, 0.09, 0.37, 0.06, 0.79, 0.09, 0.1 , 0.08])]
[array([0.7, 0.6]), array([0.5, 0.7]), array([0.35, 0.55, 0.45]), array([0.4 , 0.4 , 0.35, 0.45]), array([0.94, 0.08, 0.97, 0.96]), array([0.6 , 0.26, 0.72, 0.9 , 0.09]), array([0.025, 0.26 , 0.36 , 0.26 , 0.48 , 0.76 ]), array([0.4 , 0.1 , 0.38, 0.07, 0.8 , 0.1 , 0.11, 0.09])]
[array([0.64, 0.64]), array([0.45, 0.75]), array([0.37, 0.57, 0.47]), array([0.398, 0.395, 0.361, 0.442]), array([0.94 , 0.06 , 0.998, 0.996]), array([0.54, 0.19, 0.64, 0.89, 0.04]), array([0.015, 0.182, 0.288, 0.173, 0.397, 0.665]), array([0.034, 0.437, 0.011, 0.323, 0.989, 0.045, 0.097, 0.702])]
[array([0.63, 0.63]), array([0.48, 0.72]), array([0.38, 0.58, 0.48]), array([0.397, 0.394, 0.36 , 0.441]), array([0.941, 0.066, 0.999, 0.997]), array([0.53, 0.18, 0.63, 0.88, 0.03]), array([0.014, 0.18 , 0.285, 0.17 , 0.395, 0.66 ]), array([0.033, 0.436, 0.01 , 0.322, 0.99 , 0.044, 0.096, 0.701])]
[array([0.68, 0.68]), array([0.05, 0.95]), array([0.95, 0.95, 0.95]), array([0.1, 0.1, 0.9, 0.9]), array([9.999e-01, 1.000e-04, 9.999e-01, 9.999e-01]), array([0.02, 0.02, 0.02, 0.02, 0.02]), array([0.005, 0.005, 0.3  , 0.15 , 0.4  , 0.7  ]), array([0.01 , 0.45 , 0.01 , 0.35 , 0.999, 0.01 , 0.01 , 0.75 ])]
